-6.982499999999999929e+00
-6.947499999999999787e+00
-6.912499999999999645e+00
-6.877499999999999503e+00
-6.842500000000000249e+00
-6.807500000000000107e+00
-6.772499999999999964e+00
-6.737499999999999822e+00
-6.702499999999999680e+00
-6.667499999999999538e+00
-6.632500000000000284e+00
-6.597500000000000142e+00
-6.562500000000000000e+00
-6.527499999999999858e+00
-6.492499999999999716e+00
-6.457499999999999574e+00
-6.422499999999999432e+00
-6.387500000000000178e+00
-6.352500000000000036e+00
-6.317499999999999893e+00
-6.282499999999999751e+00
-6.247499999999999609e+00
-6.212500000000000355e+00
-6.177500000000000213e+00
-6.142500000000000071e+00
-6.107499999999999929e+00
-6.072499999999999787e+00
-6.037499999999999645e+00
-6.002499999999999503e+00
-5.967499999999999361e+00
-5.932500000000000107e+00
-5.897499999999999964e+00
-5.862499999999999822e+00
-5.827499999999999680e+00
-5.792499999999999538e+00
-5.757500000000000284e+00
-5.722500000000000142e+00
-5.687500000000000000e+00
-5.652499999999999858e+00
-5.617499999999999716e+00
-5.582499999999999574e+00
-5.547499999999999432e+00
-5.512499999999999289e+00
-5.477500000000000036e+00
-5.442499999999999893e+00
-5.407499999999999751e+00
-5.372499999999999609e+00
-5.337499999999999467e+00
-5.302500000000000213e+00
-5.267500000000000071e+00
-5.232499999999999929e+00
-5.197499999999999787e+00
-5.162499999999999645e+00
-5.127499999999999503e+00
-5.092499999999999361e+00
-5.057499999999999218e+00
-5.022499999999999964e+00
-4.987499999999999822e+00
-4.952499999999999680e+00
-4.917499999999999538e+00
-4.882500000000000284e+00
-4.847500000000000142e+00
-4.812500000000000000e+00
-4.777499999999999858e+00
-4.742499999999999716e+00
-4.707499999999999574e+00
-4.672499999999999432e+00
-4.637499999999999289e+00
-4.602499999999999147e+00
-4.567499999999999893e+00
-4.532499999999999751e+00
-4.497499999999999609e+00
-4.462499999999999467e+00
-4.427500000000000213e+00
-4.392500000000000071e+00
-4.357499999999999929e+00
-4.322499999999999787e+00
-4.287499999999999645e+00
-4.252499999999999503e+00
-4.217499999999999361e+00
-4.182499999999999218e+00
-4.147499999999999076e+00
-4.112499999999999822e+00
-4.077499999999999680e+00
-4.042499999999999538e+00
-4.007500000000000284e+00
-3.972499999999999698e+00
-3.937499999999999556e+00
-3.902499999999999858e+00
-3.867499999999999716e+00
-3.832499999999999574e+00
-3.797499999999999432e+00
-3.762499999999999734e+00
-3.727499999999999591e+00
-3.692499999999999449e+00
-3.657499999999999751e+00
-3.622499999999999609e+00
-3.587499999999999467e+00
-3.552499999999999769e+00
-3.517499999999999627e+00
-3.482499999999999485e+00
-3.447499999999999787e+00
-3.412499999999999645e+00
-3.377499999999999503e+00
-3.342499999999999361e+00
-3.307499999999999662e+00
-3.272499999999999520e+00
-3.237499999999999378e+00
-3.202499999999999680e+00
-3.167499999999999538e+00
-3.132499999999999396e+00
-3.097499999999999698e+00
-3.062499999999999556e+00
-3.027499999999999414e+00
-2.992499999999999716e+00
-2.957499999999999574e+00
-2.922499999999999432e+00
-2.887499999999999289e+00
-2.852499999999999147e+00
-2.817499999999999893e+00
-2.782499999999999751e+00
-2.747499999999999609e+00
-2.712499999999999467e+00
-2.677499999999999325e+00
-2.642499999999999183e+00
-2.607499999999999929e+00
-2.572499999999999787e+00
-2.537499999999999645e+00
-2.502499999999999503e+00
-2.467499999999999361e+00
-2.432499999999999218e+00
-2.397499999999999076e+00
-2.362499999999999822e+00
-2.327499999999999680e+00
-2.292499999999999538e+00
-2.257499999999999396e+00
-2.222499999999999254e+00
-2.187499999999999112e+00
-2.152499999999999858e+00
-2.117499999999999716e+00
-2.082499999999999574e+00
-2.047499999999999432e+00
-2.012499999999999289e+00
-1.977499999999999147e+00
-1.942499999999999005e+00
-1.907499999999999751e+00
-1.872499999999999609e+00
-1.837499999999999467e+00
-1.802499999999999325e+00
-1.767499999999999183e+00
-1.732499999999999041e+00
-1.697499999999999787e+00
-1.662499999999999645e+00
-1.627499999999999503e+00
-1.592499999999999361e+00
-1.557499999999999218e+00
-1.522499999999999076e+00
-1.487499999999999822e+00
-1.452499999999999680e+00
-1.417499999999999538e+00
-1.382499999999999396e+00
-1.347499999999999254e+00
-1.312499999999999112e+00
-1.277499999999998970e+00
-1.242499999999999716e+00
-1.207499999999999574e+00
-1.172499999999999432e+00
-1.137499999999999289e+00
-1.102499999999999147e+00
-1.067499999999999005e+00
-1.032499999999999751e+00
-9.974999999999997202e-01
-9.624999999999995781e-01
-9.274999999999994360e-01
-8.924999999999992939e-01
-8.574999999999991518e-01
-8.224999999999998979e-01
-7.874999999999997558e-01
-7.524999999999996136e-01
-7.174999999999994715e-01
-6.824999999999993294e-01
-6.474999999999991873e-01
-6.124999999999990452e-01
-5.774999999999997913e-01
-5.424999999999996492e-01
-5.074999999999995071e-01
-4.724999999999993094e-01
-4.374999999999991673e-01
-4.024999999999990252e-01
-3.674999999999997713e-01
-3.324999999999996292e-01
-2.974999999999994871e-01
-2.624999999999993450e-01
-2.274999999999992029e-01
-1.924999999999990608e-01
-1.574999999999989186e-01
-1.224999999999996786e-01
-8.749999999999953648e-02
-5.249999999999939437e-02
-1.749999999999925226e-02
1.750000000000088984e-02
5.250000000000103195e-02
8.750000000000028588e-02
1.225000000000004280e-01
1.575000000000005840e-01
1.925000000000007261e-01
2.275000000000008682e-01
2.625000000000010103e-01
2.975000000000011524e-01
3.325000000000004063e-01
3.675000000000005485e-01
4.025000000000006906e-01
4.375000000000008327e-01
4.725000000000009748e-01
5.075000000000010614e-01
5.425000000000003153e-01
5.775000000000004574e-01
6.125000000000005995e-01
6.475000000000007416e-01
6.825000000000008837e-01
7.175000000000010258e-01
7.525000000000002798e-01
7.875000000000004219e-01
8.225000000000005640e-01
8.575000000000007061e-01
8.925000000000008482e-01
9.275000000000009903e-01
9.625000000000011324e-01
9.975000000000003864e-01
1.032500000000000639e+00
1.067500000000000782e+00
1.102500000000000924e+00
1.137500000000001066e+00
1.172500000000001208e+00
1.207500000000001350e+00
1.242500000000001492e+00
1.277500000000001634e+00
1.312500000000000000e+00
1.347500000000000142e+00
1.382500000000000284e+00
1.417500000000000426e+00
1.452500000000000568e+00
1.487500000000000711e+00
1.522500000000000853e+00
1.557500000000000995e+00
1.592500000000001137e+00
1.627500000000001279e+00
1.662500000000001421e+00
1.697500000000001563e+00
1.732500000000001705e+00
1.767500000000000071e+00
1.802500000000000213e+00
1.837500000000000355e+00
1.872500000000000497e+00
1.907500000000000639e+00
1.942500000000000782e+00
1.977500000000000924e+00
2.012500000000001066e+00
2.047500000000001208e+00
2.082500000000001350e+00
2.117500000000001492e+00
2.152500000000001634e+00
2.187500000000001776e+00
2.222500000000000142e+00
2.257500000000000284e+00
2.292500000000000426e+00
2.327500000000000568e+00
2.362500000000000711e+00
2.397500000000000853e+00
2.432500000000000995e+00
2.467500000000001137e+00
2.502500000000001279e+00
2.537500000000001421e+00
2.572500000000001563e+00
2.607500000000001705e+00
2.642500000000001847e+00
2.677500000000000213e+00
2.712500000000000355e+00
2.747500000000000497e+00
2.782500000000000639e+00
2.817500000000000782e+00
2.852500000000000924e+00
2.887500000000001066e+00
2.922500000000001208e+00
2.957500000000001350e+00
2.992500000000001492e+00
3.027500000000001634e+00
3.062500000000001776e+00
3.097500000000001918e+00
3.132500000000000284e+00
3.167500000000000426e+00
3.202500000000000568e+00
3.237500000000000711e+00
3.272500000000000853e+00
3.307500000000000995e+00
3.342500000000001137e+00
3.377500000000001279e+00
3.412500000000001421e+00
3.447500000000001563e+00
3.482500000000001705e+00
3.517500000000001847e+00
3.552500000000000213e+00
3.587500000000000355e+00
3.622500000000000497e+00
3.657500000000000639e+00
3.692500000000000782e+00
3.727500000000000924e+00
3.762500000000001066e+00
3.797500000000001208e+00
3.832500000000001350e+00
3.867500000000001492e+00
3.902500000000001634e+00
3.937500000000001776e+00
3.972500000000001918e+00
4.007500000000000284e+00
4.042500000000000426e+00
4.077500000000000568e+00
4.112500000000000711e+00
4.147500000000000853e+00
4.182500000000000995e+00
4.217500000000001137e+00
4.252500000000001279e+00
4.287500000000001421e+00
4.322500000000001563e+00
4.357500000000001705e+00
4.392500000000001847e+00
4.427500000000001990e+00
4.462500000000000355e+00
4.497500000000000497e+00
4.532500000000000639e+00
4.567500000000000782e+00
4.602500000000000924e+00
4.637500000000001066e+00
4.672500000000001208e+00
4.707500000000001350e+00
4.742500000000001492e+00
4.777500000000001634e+00
4.812500000000001776e+00
4.847500000000001918e+00
4.882500000000002061e+00
4.917500000000000426e+00
4.952500000000000568e+00
4.987500000000000711e+00
5.022500000000000853e+00
5.057500000000000995e+00
5.092500000000001137e+00
5.127500000000001279e+00
5.162500000000001421e+00
5.197500000000001563e+00
5.232500000000001705e+00
5.267500000000001847e+00
5.302500000000001990e+00
5.337500000000000355e+00
5.372500000000000497e+00
5.407500000000000639e+00
5.442500000000000782e+00
5.477500000000000924e+00
5.512500000000001066e+00
5.547500000000001208e+00
5.582500000000001350e+00
5.617500000000001492e+00
5.652500000000001634e+00
5.687500000000001776e+00
5.722500000000001918e+00
5.757500000000002061e+00
5.792500000000000426e+00
5.827500000000000568e+00
5.862500000000000711e+00
5.897500000000000853e+00
5.932500000000000995e+00
5.967500000000001137e+00
6.002500000000001279e+00
6.037500000000001421e+00
6.072500000000001563e+00
6.107500000000001705e+00
6.142500000000001847e+00
6.177500000000001990e+00
6.212500000000002132e+00
6.247500000000000497e+00
6.282500000000000639e+00
6.317500000000000782e+00
6.352500000000000924e+00
6.387500000000001066e+00
6.422500000000001208e+00
6.457500000000001350e+00
6.492500000000001492e+00
6.527500000000001634e+00
6.562500000000001776e+00
6.597500000000001918e+00
6.632500000000002061e+00
6.667500000000002203e+00
6.702500000000000568e+00
6.737500000000000711e+00
6.772500000000000853e+00
6.807500000000000995e+00
6.842500000000001137e+00
6.877500000000001279e+00
6.912500000000001421e+00
6.947500000000001563e+00
6.982500000000001705e+00
